1.745329e-02 	 1.626741e-02 
1.919862e-02 	 2.381493e-02 
2.094395e-02 	 3.372547e-02 
2.268928e-02 	 4.644667e-02 
2.443461e-02 	 6.246468e-02 
2.617994e-02 	 8.230404e-02 
2.792527e-02 	 1.065275e-01 
2.967060e-02 	 1.357357e-01 
3.141593e-02 	 1.705671e-01 
3.316126e-02 	 2.116976e-01 
3.490659e-02 	 2.598404e-01 
3.665191e-02 	 3.157450e-01 
3.839724e-02 	 3.801978e-01 
4.014257e-02 	 4.540205e-01 
4.188790e-02 	 5.380704e-01 
4.363323e-02 	 6.332391e-01 
4.537856e-02 	 7.404525e-01 
4.712389e-02 	 8.606691e-01 
4.886922e-02 	 9.948801e-01 
5.061455e-02 	 1.144107e+00 
5.235988e-02 	 1.309404e+00 
5.410521e-02 	 1.491850e+00 
5.585054e-02 	 1.692555e+00 
5.759587e-02 	 1.912653e+00 
5.934119e-02 	 2.153305e+00 
6.108652e-02 	 2.415693e+00 
6.283185e-02 	 2.701021e+00 
6.457718e-02 	 3.010510e+00 
6.632251e-02 	 3.345401e+00 
6.806784e-02 	 3.706948e+00 
6.981317e-02 	 4.096416e+00 
7.155850e-02 	 4.515082e+00 
7.330383e-02 	 4.964229e+00 
7.504916e-02 	 5.445141e+00 
7.679449e-02 	 5.959107e+00 
7.853982e-02 	 6.507411e+00 
8.028515e-02 	 7.091329e+00 
8.203047e-02 	 7.712130e+00 
8.377580e-02 	 8.371069e+00 
8.552113e-02 	 9.069380e+00 
8.726646e-02 	 9.808279e+00 
8.901179e-02 	 1.058895e+01 
9.075712e-02 	 1.141256e+01 
9.250245e-02 	 1.228021e+01 
9.424778e-02 	 1.319300e+01 
9.599311e-02 	 1.415196e+01 
9.773844e-02 	 1.515806e+01 
9.948377e-02 	 1.621224e+01 
1.012291e-01 	 1.731537e+01 
1.029744e-01 	 1.846824e+01 
1.047198e-01 	 1.967158e+01 
1.064651e-01 	 2.092603e+01 
1.082104e-01 	 2.223218e+01 
1.099557e-01 	 2.359048e+01 
1.117011e-01 	 2.500132e+01 
1.134464e-01 	 2.646499e+01 
1.151917e-01 	 2.798166e+01 
1.169371e-01 	 2.955140e+01 
1.186824e-01 	 3.117414e+01 
1.204277e-01 	 3.284973e+01 
1.221730e-01 	 3.457787e+01 
1.239184e-01 	 3.635811e+01 
1.256637e-01 	 3.818991e+01 
1.274090e-01 	 4.007257e+01 
1.291544e-01 	 4.200522e+01 
1.308997e-01 	 4.398690e+01 
1.326450e-01 	 4.601645e+01 
1.343904e-01 	 4.809260e+01 
1.361357e-01 	 5.021389e+01 
1.378810e-01 	 5.237875e+01 
1.396263e-01 	 5.458541e+01 
1.413717e-01 	 5.683198e+01 
1.431170e-01 	 5.911641e+01 
1.448623e-01 	 6.143649e+01 
1.466077e-01 	 6.378985e+01 
1.483530e-01 	 6.617400e+01 
1.500983e-01 	 6.858629e+01 
1.518436e-01 	 7.102393e+01 
1.535890e-01 	 7.348400e+01 
1.553343e-01 	 7.596346e+01 
1.570796e-01 	 7.845912e+01 
1.588250e-01 	 8.096771e+01 
1.605703e-01 	 8.348583e+01 
1.623156e-01 	 8.601000e+01 
1.640609e-01 	 8.853664e+01 
1.658063e-01 	 9.106210e+01 
1.675516e-01 	 9.358266e+01 
1.692969e-01 	 9.609455e+01 
1.710423e-01 	 9.859397e+01 
1.727876e-01 	 1.010771e+02 
1.745329e-01 	 1.035400e+02 
1.762783e-01 	 1.059789e+02 
1.780236e-01 	 1.083900e+02 
1.797689e-01 	 1.107694e+02 
1.815142e-01 	 1.131133e+02 
1.832596e-01 	 1.154181e+02 
1.850049e-01 	 1.176802e+02 
1.867502e-01 	 1.198960e+02 
1.884956e-01 	 1.220620e+02 
1.902409e-01 	 1.241750e+02 
1.919862e-01 	 1.262317e+02 
1.937315e-01 	 1.282293e+02 
1.954769e-01 	 1.301647e+02 
1.972222e-01 	 1.320354e+02 
1.989675e-01 	 1.338388e+02 
2.007129e-01 	 1.355727e+02 
2.024582e-01 	 1.372350e+02 
2.042035e-01 	 1.388239e+02 
2.059489e-01 	 1.403379e+02 
2.076942e-01 	 1.417755e+02 
2.094395e-01 	 1.431357e+02 
2.111848e-01 	 1.444178e+02 
2.129302e-01 	 1.456212e+02 
2.146755e-01 	 1.467458e+02 
2.164208e-01 	 1.477914e+02 
2.181662e-01 	 1.487587e+02 
2.199115e-01 	 1.496481e+02 
2.216568e-01 	 1.504608e+02 
2.234021e-01 	 1.511980e+02 
2.251475e-01 	 1.518613e+02 
2.268928e-01 	 1.524527e+02 
2.286381e-01 	 1.529745e+02 
2.303835e-01 	 1.534291e+02 
2.321288e-01 	 1.538197e+02 
2.338741e-01 	 1.541493e+02 
2.356194e-01 	 1.544216e+02 
2.373648e-01 	 1.546405e+02 
2.391101e-01 	 1.548101e+02 
2.408554e-01 	 1.549350e+02 
2.426008e-01 	 1.550201e+02 
2.443461e-01 	 1.550706e+02 
2.460914e-01 	 1.550919e+02 
2.478368e-01 	 1.550900e+02 
2.495821e-01 	 1.550708e+02 
2.513274e-01 	 1.550408e+02 
2.530727e-01 	 1.550068e+02 
2.548181e-01 	 1.549758e+02 
2.565634e-01 	 1.549551e+02 
2.583087e-01 	 1.549523e+02 
2.600541e-01 	 1.549753e+02 
2.617994e-01 	 1.550323e+02 
2.635447e-01 	 1.551315e+02 
2.652900e-01 	 1.552818e+02 
2.670354e-01 	 1.554920e+02 
2.687807e-01 	 1.557712e+02 
2.705260e-01 	 1.561287e+02 
2.722714e-01 	 1.565741e+02 
2.740167e-01 	 1.571172e+02 
2.757620e-01 	 1.577679e+02 
2.775074e-01 	 1.585363e+02 
2.792527e-01 	 1.594327e+02 
2.809980e-01 	 1.604676e+02 
2.827433e-01 	 1.616515e+02 
2.844887e-01 	 1.629951e+02 
2.862340e-01 	 1.645094e+02 
2.879793e-01 	 1.662054e+02 
2.897247e-01 	 1.680942e+02 
2.914700e-01 	 1.701871e+02 
2.932153e-01 	 1.724956e+02 
2.949606e-01 	 1.750313e+02 
2.967060e-01 	 1.778060e+02 
2.984513e-01 	 1.808316e+02 
3.001966e-01 	 1.841201e+02 
3.019420e-01 	 1.876841e+02 
3.036873e-01 	 1.915359e+02 
3.054326e-01 	 1.956884e+02 
3.071779e-01 	 2.001545e+02 
3.089233e-01 	 2.049476e+02 
3.106686e-01 	 2.100811e+02 
3.124139e-01 	 2.155689e+02 
3.141593e-01 	 2.214249e+02 
3.159046e-01 	 2.276634e+02 
3.176499e-01 	 2.342989e+02 
3.193953e-01 	 2.413459e+02 
3.211406e-01 	 2.488194e+02 
3.228859e-01 	 2.567339e+02 
3.246312e-01 	 2.651043e+02 
3.263766e-01 	 2.739451e+02 
3.281219e-01 	 2.832706e+02 
3.298672e-01 	 2.930945e+02 
3.316126e-01 	 3.034302e+02 
3.333579e-01 	 3.142898e+02 
3.351032e-01 	 3.256847e+02 
3.368485e-01 	 3.376248e+02 
3.385939e-01 	 3.501185e+02 
3.403392e-01 	 3.631722e+02 
3.420845e-01 	 3.767902e+02 
3.438299e-01 	 3.909741e+02 
3.455752e-01 	 4.057227e+02 
3.473205e-01 	 4.210317e+02 
3.490659e-01 	 4.368929e+02 
3.508112e-01 	 4.532944e+02 
3.525565e-01 	 4.702201e+02 
3.543018e-01 	 4.876489e+02 
3.560472e-01 	 5.055553e+02 
3.577925e-01 	 5.239084e+02 
3.595378e-01 	 5.426718e+02 
3.612832e-01 	 5.618040e+02 
3.630285e-01 	 5.812573e+02 
3.647738e-01 	 6.009786e+02 
3.665191e-01 	 6.209090e+02 
3.682645e-01 	 6.409840e+02 
3.700098e-01 	 6.611336e+02 
3.717551e-01 	 6.812824e+02 
3.735005e-01 	 7.013503e+02 
3.752458e-01 	 7.212527e+02 
3.769911e-01 	 7.409006e+02 
3.787364e-01 	 7.602020e+02 
3.804818e-01 	 7.790617e+02 
3.822271e-01 	 7.973826e+02 
3.839724e-01 	 8.150662e+02 
3.857178e-01 	 8.320134e+02 
3.874631e-01 	 8.481256e+02 
3.892084e-01 	 8.633055e+02 
3.909538e-01 	 8.774580e+02 
3.926991e-01 	 8.904910e+02 
3.944444e-01 	 9.023169e+02 
3.961897e-01 	 9.128530e+02 
3.979351e-01 	 9.220225e+02 
3.996804e-01 	 9.297557e+02 
4.014257e-01 	 9.359905e+02 
4.031711e-01 	 9.406732e+02 
4.049164e-01 	 9.437596e+02 
4.066617e-01 	 9.452149e+02 
4.084070e-01 	 9.450149e+02 
4.101524e-01 	 9.431462e+02 
4.118977e-01 	 9.396063e+02 
4.136430e-01 	 9.344040e+02 
4.153884e-01 	 9.275599e+02 
4.171337e-01 	 9.191057e+02 
4.188790e-01 	 9.090845e+02 
4.206243e-01 	 8.975507e+02 
4.223697e-01 	 8.845695e+02 
4.241150e-01 	 8.702162e+02 
4.258603e-01 	 8.545764e+02 
4.276057e-01 	 8.377446e+02 
4.293510e-01 	 8.198241e+02 
4.310963e-01 	 8.009258e+02 
4.328417e-01 	 7.811674e+02 
4.345870e-01 	 7.606726e+02 
4.363323e-01 	 7.395699e+02 
4.380776e-01 	 7.179915e+02 
4.398230e-01 	 6.960722e+02 
4.415683e-01 	 6.739483e+02 
4.433136e-01 	 6.517563e+02 
4.450590e-01 	 6.296313e+02 
4.468043e-01 	 6.077065e+02 
4.485496e-01 	 5.861114e+02 
4.502949e-01 	 5.649705e+02 
4.520403e-01 	 5.444025e+02 
4.537856e-01 	 5.245191e+02 
4.555309e-01 	 5.054236e+02 
4.572763e-01 	 4.872104e+02 
4.590216e-01 	 4.699642e+02 
4.607669e-01 	 4.537590e+02 
4.625123e-01 	 4.386579e+02 
4.642576e-01 	 4.247127e+02 
4.660029e-01 	 4.119639e+02 
4.677482e-01 	 4.004409e+02 
4.694936e-01 	 3.901621e+02 
4.712389e-01 	 3.811357e+02 
4.729842e-01 	 3.733606e+02 
4.747296e-01 	 3.668270e+02 
4.764749e-01 	 3.615183e+02 
4.782202e-01 	 3.574116e+02 
4.799655e-01 	 3.544801e+02 
4.817109e-01 	 3.526941e+02 
4.834562e-01 	 3.520229e+02 
4.852015e-01 	 3.524367e+02 
4.869469e-01 	 3.539076e+02 
4.886922e-01 	 3.564119e+02 
4.904375e-01 	 3.599306e+02 
4.921828e-01 	 3.644512e+02 
4.939282e-01 	 3.699685e+02 
4.956735e-01 	 3.764846e+02 
4.974188e-01 	 3.840098e+02 
4.991642e-01 	 3.925617e+02 
5.009095e-01 	 4.021652e+02 
5.026548e-01 	 4.128514e+02 
5.044002e-01 	 4.246558e+02 
5.061455e-01 	 4.376170e+02 
5.078908e-01 	 4.517745e+02 
5.096361e-01 	 4.671663e+02 
5.113815e-01 	 4.838262e+02 
5.131268e-01 	 5.017815e+02 
5.148721e-01 	 5.210497e+02 
5.166175e-01 	 5.416361e+02 
5.183628e-01 	 5.635311e+02 
5.201081e-01 	 5.867079e+02 
5.218534e-01 	 6.111202e+02 
5.235988e-01 	 6.367007e+02 
5.253441e-01 	 6.633598e+02 
5.270894e-01 	 6.909847e+02 
5.288348e-01 	 7.194399e+02 
5.305801e-01 	 7.485668e+02 
5.323254e-01 	 7.781855e+02 
5.340708e-01 	 8.080965e+02 
5.358161e-01 	 8.380827e+02 
5.375614e-01 	 8.679123e+02 
5.393067e-01 	 8.973428e+02 
5.410521e-01 	 9.261241e+02 
5.427974e-01 	 9.540030e+02 
5.445427e-01 	 9.807277e+02 
5.462881e-01 	 1.006052e+03 
5.480334e-01 	 1.029741e+03 
5.497787e-01 	 1.051572e+03 
5.515240e-01 	 1.071346e+03 
5.532694e-01 	 1.088882e+03 
5.550147e-01 	 1.104028e+03 
5.567600e-01 	 1.116663e+03 
5.585054e-01 	 1.126695e+03 
5.602507e-01 	 1.134068e+03 
5.619960e-01 	 1.138760e+03 
5.637413e-01 	 1.140785e+03 
5.654867e-01 	 1.140190e+03 
5.672320e-01 	 1.137059e+03 
5.689773e-01 	 1.131506e+03 
5.707227e-01 	 1.123677e+03 
5.724680e-01 	 1.113743e+03 
5.742133e-01 	 1.101900e+03 
5.759587e-01 	 1.088366e+03 
5.777040e-01 	 1.073372e+03 
5.794493e-01 	 1.057164e+03 
5.811946e-01 	 1.039995e+03 
5.829400e-01 	 1.022120e+03 
5.846853e-01 	 1.003796e+03 
5.864306e-01 	 9.852757e+02 
5.881760e-01 	 9.668040e+02 
5.899213e-01 	 9.486152e+02 
5.916666e-01 	 9.309300e+02 
5.934119e-01 	 9.139538e+02 
5.951573e-01 	 8.978742e+02 
5.969026e-01 	 8.828599e+02 
5.986479e-01 	 8.690594e+02 
6.003933e-01 	 8.566005e+02 
6.021386e-01 	 8.455896e+02 
6.038839e-01 	 8.361116e+02 
6.056293e-01 	 8.282297e+02 
6.073746e-01 	 8.219858e+02 
6.091199e-01 	 8.174005e+02 
6.108652e-01 	 8.144733e+02 
6.126106e-01 	 8.131831e+02 
6.143559e-01 	 8.134884e+02 
6.161012e-01 	 8.153281e+02 
6.178466e-01 	 8.186216e+02 
6.195919e-01 	 8.232703e+02 
6.213372e-01 	 8.291581e+02 
6.230825e-01 	 8.361535e+02 
6.248279e-01 	 8.441107e+02 
6.265732e-01 	 8.528726e+02 
6.283185e-01 	 8.622731e+02 
6.300639e-01 	 8.721406e+02 
6.318092e-01 	 8.823015e+02 
6.335545e-01 	 8.925844e+02 
6.352998e-01 	 9.028245e+02 
6.370452e-01 	 9.128678e+02 
6.387905e-01 	 9.225758e+02 
6.405358e-01 	 9.318298e+02 
6.422812e-01 	 9.405347e+02 
6.440265e-01 	 9.486226e+02 
6.457718e-01 	 9.560553e+02 
6.475172e-01 	 9.628263e+02 
6.492625e-01 	 9.689614e+02 
6.510078e-01 	 9.745190e+02 
6.527531e-01 	 9.795886e+02 
6.544985e-01 	 9.842889e+02 
6.562438e-01 	 9.887641e+02 
6.579891e-01 	 9.931809e+02 
6.597345e-01 	 9.977230e+02 
6.614798e-01 	 1.002586e+03 
6.632251e-01 	 1.007973e+03 
6.649704e-01 	 1.014087e+03 
6.667158e-01 	 1.021125e+03 
6.684611e-01 	 1.029276e+03 
6.702064e-01 	 1.038709e+03 
6.719518e-01 	 1.049574e+03 
6.736971e-01 	 1.061994e+03 
6.754424e-01 	 1.076060e+03 
6.771877e-01 	 1.091827e+03 
6.789331e-01 	 1.109316e+03 
6.806784e-01 	 1.128503e+03 
6.824237e-01 	 1.149323e+03 
6.841691e-01 	 1.171669e+03 
6.859144e-01 	 1.195392e+03 
6.876597e-01 	 1.220300e+03 
6.894051e-01 	 1.246164e+03 
6.911504e-01 	 1.272723e+03 
6.928957e-01 	 1.299689e+03 
6.946410e-01 	 1.326753e+03 
6.963864e-01 	 1.353595e+03 
6.981317e-01 	 1.379896e+03 
6.998770e-01 	 1.405343e+03 
7.016224e-01 	 1.429643e+03 
7.033677e-01 	 1.452532e+03 
7.051130e-01 	 1.473783e+03 
7.068583e-01 	 1.493212e+03 
7.086037e-01 	 1.510686e+03 
7.103490e-01 	 1.526123e+03 
7.120943e-01 	 1.539491e+03 
7.138397e-01 	 1.550808e+03 
7.155850e-01 	 1.560132e+03 
7.173303e-01 	 1.567560e+03 
7.190757e-01 	 1.573214e+03 
7.208210e-01 	 1.577234e+03 
7.225663e-01 	 1.579771e+03 
7.243116e-01 	 1.580981e+03 
7.260570e-01 	 1.581017e+03 
7.278023e-01 	 1.580032e+03 
7.295476e-01 	 1.578179e+03 
7.312930e-01 	 1.575617e+03 
7.330383e-01 	 1.572518e+03 
7.347836e-01 	 1.569079e+03 
7.365289e-01 	 1.565530e+03 
7.382743e-01 	 1.562146e+03 
7.400196e-01 	 1.559250e+03 
7.417649e-01 	 1.557217e+03 
7.435103e-01 	 1.556470e+03 
7.452556e-01 	 1.557470e+03 
7.470009e-01 	 1.560695e+03 
7.487462e-01 	 1.566619e+03 
7.504916e-01 	 1.575676e+03 
7.522369e-01 	 1.588226e+03 
7.539822e-01 	 1.604520e+03 
7.557276e-01 	 1.624656e+03 
7.574729e-01 	 1.648552e+03 
7.592182e-01 	 1.675918e+03 
7.609636e-01 	 1.706241e+03 
7.627089e-01 	 1.738782e+03 
7.644542e-01 	 1.772591e+03 
7.661995e-01 	 1.806527e+03 
7.679449e-01 	 1.839309e+03 
7.696902e-01 	 1.869560e+03 
7.714355e-01 	 1.895876e+03 
7.731809e-01 	 1.916895e+03 
7.749262e-01 	 1.931363e+03 
7.766715e-01 	 1.938204e+03 
7.784168e-01 	 1.936580e+03 
7.801622e-01 	 1.925935e+03 
7.819075e-01 	 1.906027e+03 
7.836528e-01 	 1.876944e+03 
7.853982e-01 	 1.839100e+03 
7.871435e-01 	 1.793211e+03 
7.888888e-01 	 1.740262e+03 
7.906342e-01 	 1.681454e+03 
7.923795e-01 	 1.618148e+03 
7.941248e-01 	 1.551799e+03 
7.958701e-01 	 1.483896e+03 
7.976155e-01 	 1.415897e+03 
7.993608e-01 	 1.349176e+03 
8.011061e-01 	 1.284981e+03 
8.028515e-01 	 1.224395e+03 
8.045968e-01 	 1.168314e+03 
8.063421e-01 	 1.117438e+03 
8.080874e-01 	 1.072260e+03 
8.098328e-01 	 1.033076e+03 
8.115781e-01 	 9.999960e+02 
8.133234e-01 	 9.729546e+02 
8.150688e-01 	 9.517337e+02 
8.168141e-01 	 9.359807e+02 
8.185594e-01 	 9.252308e+02 
8.203047e-01 	 9.189294e+02 
8.220501e-01 	 9.164564e+02 
8.237954e-01 	 9.171513e+02 
8.255407e-01 	 9.203397e+02 
8.272861e-01 	 9.253612e+02 
8.290314e-01 	 9.315980e+02 
8.307767e-01 	 9.385028e+02 
8.325221e-01 	 9.456256e+02 
8.342674e-01 	 9.526370e+02 
8.360127e-01 	 9.593471e+02 
8.377580e-01 	 9.657180e+02 
8.395034e-01 	 9.718691e+02 
8.412487e-01 	 9.780737e+02 
8.429940e-01 	 9.847491e+02 
8.447394e-01 	 9.924375e+02 
8.464847e-01 	 1.001783e+03 
8.482300e-01 	 1.013502e+03 
8.499753e-01 	 1.028353e+03 
8.517207e-01 	 1.047104e+03 
8.534660e-01 	 1.070500e+03 
8.552113e-01 	 1.099238e+03 
8.569567e-01 	 1.133932e+03 
8.587020e-01 	 1.175089e+03 
8.604473e-01 	 1.223086e+03 
8.621927e-01 	 1.278142e+03 
8.639380e-01 	 1.340288e+03 
8.656833e-01 	 1.409348e+03 
8.674286e-01 	 1.484906e+03 
8.691740e-01 	 1.566284e+03 
8.709193e-01 	 1.652520e+03 
8.726646e-01 	 1.742360e+03 
8.744100e-01 	 1.834252e+03 
8.761553e-01 	 1.926367e+03 
8.779006e-01 	 2.016630e+03 
8.796459e-01 	 2.102779e+03 
8.813913e-01 	 2.182442e+03 
8.831366e-01 	 2.253227e+03 
8.848819e-01 	 2.312839e+03 
8.866273e-01 	 2.359189e+03 
8.883726e-01 	 2.390518e+03 
8.901179e-01 	 2.405496e+03 
8.918632e-01 	 2.403311e+03 
8.936086e-01 	 2.383731e+03 
8.953539e-01 	 2.347128e+03 
8.970992e-01 	 2.294468e+03 
8.988446e-01 	 2.227271e+03 
9.005899e-01 	 2.147529e+03 
9.023352e-01 	 2.057609e+03 
9.040806e-01 	 1.960136e+03 
9.058259e-01 	 1.857869e+03 
9.075712e-01 	 1.753588e+03 
9.093165e-01 	 1.649987e+03 
9.110619e-01 	 1.549602e+03 
9.128072e-01 	 1.454744e+03 
9.145525e-01 	 1.367482e+03 
9.162979e-01 	 1.289621e+03 
9.180432e-01 	 1.222717e+03 
9.197885e-01 	 1.168090e+03 
9.215338e-01 	 1.126832e+03 
9.232792e-01 	 1.099810e+03 
9.250245e-01 	 1.087658e+03 
9.267698e-01 	 1.090739e+03 
9.285152e-01 	 1.109103e+03 
9.302605e-01 	 1.142425e+03 
9.320058e-01 	 1.189943e+03 
9.337511e-01 	 1.250405e+03 
9.354965e-01 	 1.322029e+03 
9.372418e-01 	 1.402501e+03 
9.389871e-01 	 1.489005e+03 
9.407325e-01 	 1.578296e+03 
9.424778e-01 	 1.666823e+03 
9.442231e-01 	 1.750881e+03 
9.459685e-01 	 1.826797e+03 
9.477138e-01 	 1.891133e+03 
9.494591e-01 	 1.940881e+03 
9.512044e-01 	 1.973642e+03 
9.529498e-01 	 1.987778e+03 
9.546951e-01 	 1.982504e+03 
9.564404e-01 	 1.957935e+03 
9.581858e-01 	 1.915063e+03 
9.599311e-01 	 1.855681e+03 
9.616764e-01 	 1.782260e+03 
9.634217e-01 	 1.697776e+03 
9.651671e-01 	 1.605524e+03 
9.669124e-01 	 1.508921e+03 
9.686577e-01 	 1.411323e+03 
9.704031e-01 	 1.315860e+03 
9.721484e-01 	 1.225320e+03 
9.738937e-01 	 1.142068e+03 
9.756391e-01 	 1.068011e+03 
9.773844e-01 	 1.004610e+03 
9.791297e-01 	 9.529264e+02 
9.808750e-01 	 9.136851e+02 
9.826204e-01 	 8.873558e+02 
9.843657e-01 	 8.742253e+02 
9.861110e-01 	 8.744554e+02 
9.878564e-01 	 8.881154e+02 
9.896017e-01 	 9.151837e+02 
9.913470e-01 	 9.555176e+02 
9.930923e-01 	 1.008797e+03 
9.948377e-01 	 1.074449e+03 
9.965830e-01 	 1.151570e+03 
9.983283e-01 	 1.238852e+03 
1.000074e+00 	 1.334534e+03 
1.001819e+00 	 1.436391e+03 
1.003564e+00 	 1.541765e+03 
1.005310e+00 	 1.647646e+03 
1.007055e+00 	 1.750794e+03 
1.008800e+00 	 1.847908e+03 
1.010546e+00 	 1.935809e+03 
1.012291e+00 	 2.011640e+03 
1.014036e+00 	 2.073044e+03 
1.015782e+00 	 2.118320e+03 
1.017527e+00 	 2.146523e+03 
1.019272e+00 	 2.157508e+03 
1.021018e+00 	 2.151917e+03 
1.022763e+00 	 2.131092e+03 
1.024508e+00 	 2.096950e+03 
1.026254e+00 	 2.051814e+03 
1.027999e+00 	 1.998231e+03 
1.029744e+00 	 1.938789e+03 
1.031490e+00 	 1.875969e+03 
1.033235e+00 	 1.812019e+03 
1.034980e+00 	 1.748891e+03 
1.036726e+00 	 1.688212e+03 
1.038471e+00 	 1.631311e+03 
1.040216e+00 	 1.579270e+03 
1.041962e+00 	 1.532996e+03 
1.043707e+00 	 1.493290e+03 
1.045452e+00 	 1.460900e+03 
1.047198e+00 	 1.436547e+03 
1.048943e+00 	 1.420918e+03 
1.050688e+00 	 1.414619e+03 
1.052434e+00 	 1.418110e+03 
1.054179e+00 	 1.431617e+03 
1.055924e+00 	 1.455051e+03 
1.057670e+00 	 1.487937e+03 
1.059415e+00 	 1.529375e+03 
1.061160e+00 	 1.578047e+03 
1.062906e+00 	 1.632255e+03 
1.064651e+00 	 1.690009e+03 
1.066396e+00 	 1.749138e+03 
1.068142e+00 	 1.807426e+03 
1.069887e+00 	 1.862748e+03 
1.071632e+00 	 1.913189e+03 
1.073377e+00 	 1.957144e+03 
1.075123e+00 	 1.993379e+03 
1.076868e+00 	 2.021064e+03 
1.078613e+00 	 2.039759e+03 
1.080359e+00 	 2.049384e+03 
1.082104e+00 	 2.050164e+03 
1.083849e+00 	 2.042573e+03 
1.085595e+00 	 2.027278e+03 
1.087340e+00 	 2.005093e+03 
1.089085e+00 	 1.976948e+03 
1.090831e+00 	 1.943877e+03 
1.092576e+00 	 1.907015e+03 
1.094321e+00 	 1.867596e+03 
1.096067e+00 	 1.826959e+03 
1.097812e+00 	 1.786546e+03 
1.099557e+00 	 1.747879e+03 
1.101303e+00 	 1.712534e+03 
1.103048e+00 	 1.682097e+03 
1.104793e+00 	 1.658105e+03 
1.106539e+00 	 1.641983e+03 
1.108284e+00 	 1.634975e+03 
1.110029e+00 	 1.638083e+03 
1.111775e+00 	 1.652000e+03 
1.113520e+00 	 1.677069e+03 
1.115265e+00 	 1.713241e+03 
1.117011e+00 	 1.760057e+03 
1.118756e+00 	 1.816638e+03 
1.120501e+00 	 1.881696e+03 
1.122247e+00 	 1.953567e+03 
1.123992e+00 	 2.030254e+03 
1.125737e+00 	 2.109500e+03 
1.127483e+00 	 2.188868e+03 
1.129228e+00 	 2.265847e+03 
1.130973e+00 	 2.337967e+03 
1.132719e+00 	 2.402916e+03 
1.134464e+00 	 2.458659e+03 
1.136209e+00 	 2.503545e+03 
1.137955e+00 	 2.536391e+03 
1.139700e+00 	 2.556548e+03 
1.141445e+00 	 2.563922e+03 
1.143191e+00 	 2.558970e+03 
1.144936e+00 	 2.542661e+03 
1.146681e+00 	 2.516404e+03 
1.148427e+00 	 2.481957e+03 
1.150172e+00 	 2.441323e+03 
1.151917e+00 	 2.396633e+03 
1.153663e+00 	 2.350041e+03 
1.155408e+00 	 2.303615e+03 
1.157153e+00 	 2.259247e+03 
1.158899e+00 	 2.218578e+03 
1.160644e+00 	 2.182929e+03 
1.162389e+00 	 2.153260e+03 
1.164135e+00 	 2.130132e+03 
1.165880e+00 	 2.113694e+03 
1.167625e+00 	 2.103674e+03 
1.169371e+00 	 2.099401e+03 
1.171116e+00 	 2.099829e+03 
1.172861e+00 	 2.103586e+03 
1.174607e+00 	 2.109039e+03 
1.176352e+00 	 2.114369e+03 
1.178097e+00 	 2.117657e+03 
1.179843e+00 	 2.116982e+03 
1.181588e+00 	 2.110515e+03 
1.183333e+00 	 2.096620e+03 
1.185079e+00 	 2.073945e+03 
1.186824e+00 	 2.041512e+03 
1.188569e+00 	 1.998797e+03 
1.190315e+00 	 1.945802e+03 
1.192060e+00 	 1.883112e+03 
1.193805e+00 	 1.811931e+03 
1.195551e+00 	 1.734100e+03 
1.197296e+00 	 1.652068e+03 
1.199041e+00 	 1.568832e+03 
1.200787e+00 	 1.487823e+03 
1.202532e+00 	 1.412745e+03 
1.204277e+00 	 1.347366e+03 
1.206023e+00 	 1.295276e+03 
1.207768e+00 	 1.259628e+03 
1.209513e+00 	 1.242890e+03 
1.211259e+00 	 1.246631e+03 
1.213004e+00 	 1.271369e+03 
1.214749e+00 	 1.316505e+03 
1.216494e+00 	 1.380347e+03 
1.218240e+00 	 1.460227e+03 
1.219985e+00 	 1.552706e+03 
1.221730e+00 	 1.653831e+03 
1.223476e+00 	 1.759416e+03 
1.225221e+00 	 1.865317e+03 
1.226966e+00 	 1.967669e+03 
1.228712e+00 	 2.063053e+03 
1.230457e+00 	 2.148598e+03 
1.232202e+00 	 2.222007e+03 
1.233948e+00 	 2.281527e+03 
1.235693e+00 	 2.325889e+03 
1.237438e+00 	 2.354241e+03 
1.239184e+00 	 2.366099e+03 
1.240929e+00 	 2.361334e+03 
1.242674e+00 	 2.340199e+03 
1.244420e+00 	 2.303387e+03 
1.246165e+00 	 2.252104e+03 
1.247910e+00 	 2.188127e+03 
1.249656e+00 	 2.113835e+03 
1.251401e+00 	 2.032173e+03 
1.253146e+00 	 1.946556e+03 
1.254892e+00 	 1.860712e+03 
1.256637e+00 	 1.778474e+03 
1.258382e+00 	 1.703550e+03 
1.260128e+00 	 1.639299e+03 
1.261873e+00 	 1.588545e+03 
1.263618e+00 	 1.553442e+03 
1.265364e+00 	 1.535401e+03 
1.267109e+00 	 1.535081e+03 
1.268854e+00 	 1.552422e+03 
1.270600e+00 	 1.586706e+03 
1.272345e+00 	 1.636622e+03 
1.274090e+00 	 1.700322e+03 
1.275836e+00 	 1.775460e+03 
1.277581e+00 	 1.859227e+03 
1.279326e+00 	 1.948383e+03 
1.281072e+00 	 2.039335e+03 
1.282817e+00 	 2.128243e+03 
1.284562e+00 	 2.211209e+03 
1.286308e+00 	 2.284512e+03 
1.288053e+00 	 2.344897e+03 
1.289798e+00 	 2.389871e+03 
1.291544e+00 	 2.417975e+03 
1.293289e+00 	 2.428974e+03 
1.295034e+00 	 2.423942e+03 
1.296780e+00 	 2.405210e+03 
1.298525e+00 	 2.376176e+03 
1.300270e+00 	 2.341015e+03 
1.302016e+00 	 2.304303e+03 
1.303761e+00 	 2.270644e+03 
1.305506e+00 	 2.244325e+03 
1.307252e+00 	 2.229066e+03 
1.308997e+00 	 2.227874e+03 
1.310742e+00 	 2.243013e+03 
1.312488e+00 	 2.276059e+03 
1.314233e+00 	 2.327990e+03 
1.315978e+00 	 2.399267e+03 
1.317724e+00 	 2.489850e+03 
1.319469e+00 	 2.599118e+03 
1.321214e+00 	 2.725694e+03 
1.322960e+00 	 2.867202e+03 
1.324705e+00 	 3.020012e+03 
1.326450e+00 	 3.179048e+03 
1.328196e+00 	 3.337745e+03 
1.329941e+00 	 3.488203e+03 
1.331686e+00 	 3.621593e+03 
1.333432e+00 	 3.728786e+03 
1.335177e+00 	 3.801161e+03 
1.336922e+00 	 3.831492e+03 
1.338668e+00 	 3.814795e+03 
1.340413e+00 	 3.749004e+03 
1.342158e+00 	 3.635359e+03 
1.343904e+00 	 3.478443e+03 
1.345649e+00 	 3.285829e+03 
1.347394e+00 	 3.067385e+03 
1.349140e+00 	 2.834322e+03 
1.350885e+00 	 2.598124e+03 
1.352630e+00 	 2.369501e+03 
1.354375e+00 	 2.157522e+03 
1.356121e+00 	 1.969041e+03 
1.357866e+00 	 1.808471e+03 
1.359611e+00 	 1.677928e+03 
1.361357e+00 	 1.577675e+03 
1.363102e+00 	 1.506771e+03 
1.364847e+00 	 1.463786e+03 
1.366593e+00 	 1.447437e+03 
1.368338e+00 	 1.457034e+03 
1.370083e+00 	 1.492652e+03 
1.371829e+00 	 1.554995e+03 
1.373574e+00 	 1.645002e+03 
1.375319e+00 	 1.763251e+03 
1.377065e+00 	 1.909308e+03 
1.378810e+00 	 2.081132e+03 
1.380555e+00 	 2.274662e+03 
1.382301e+00 	 2.483685e+03 
1.384046e+00 	 2.700021e+03 
1.385791e+00 	 2.914020e+03 
1.387537e+00 	 3.115309e+03 
1.389282e+00 	 3.293695e+03 
1.391027e+00 	 3.440083e+03 
1.392773e+00 	 3.547312e+03 
1.394518e+00 	 3.610764e+03 
1.396263e+00 	 3.628698e+03 
1.398009e+00 	 3.602264e+03 
1.399754e+00 	 3.535210e+03 
1.401499e+00 	 3.433348e+03 
1.403245e+00 	 3.303855e+03 
1.404990e+00 	 3.154522e+03 
1.406735e+00 	 2.993046e+03 
1.408481e+00 	 2.826461e+03 
1.410226e+00 	 2.660752e+03 
1.411971e+00 	 2.500688e+03 
1.413717e+00 	 2.349856e+03 
1.415462e+00 	 2.210858e+03 
1.417207e+00 	 2.085601e+03 
1.418953e+00 	 1.975621e+03 
1.420698e+00 	 1.882355e+03 
1.422443e+00 	 1.807326e+03 
1.424189e+00 	 1.752189e+03 
1.425934e+00 	 1.718643e+03 
1.427679e+00 	 1.708231e+03 
1.429425e+00 	 1.722050e+03 
1.431170e+00 	 1.760443e+03 
1.432915e+00 	 1.822721e+03 
1.434661e+00 	 1.906970e+03 
1.436406e+00 	 2.009978e+03 
1.438151e+00 	 2.127313e+03 
1.439897e+00 	 2.253549e+03 
1.441642e+00 	 2.382604e+03 
1.443387e+00 	 2.508183e+03 
1.445133e+00 	 2.624246e+03 
1.446878e+00 	 2.725459e+03 
1.448623e+00 	 2.807583e+03 
1.450369e+00 	 2.867755e+03 
1.452114e+00 	 2.904632e+03 
1.453859e+00 	 2.918395e+03 
1.455605e+00 	 2.910633e+03 
1.457350e+00 	 2.884113e+03 
1.459095e+00 	 2.842490e+03 
1.460841e+00 	 2.789997e+03 
1.462586e+00 	 2.731142e+03 
1.464331e+00 	 2.670458e+03 
1.466077e+00 	 2.612318e+03 
1.467822e+00 	 2.560813e+03 
1.469567e+00 	 2.519697e+03 
1.471313e+00 	 2.492361e+03 
1.473058e+00 	 2.481819e+03 
1.474803e+00 	 2.490674e+03 
1.476549e+00 	 2.521041e+03 
1.478294e+00 	 2.574414e+03 
1.480039e+00 	 2.651491e+03 
1.481785e+00 	 2.751966e+03 
1.483530e+00 	 2.874331e+03 
1.485275e+00 	 3.015716e+03 
1.487021e+00 	 3.171826e+03 
1.488766e+00 	 3.336992e+03 
1.490511e+00 	 3.504369e+03 
1.492257e+00 	 3.666277e+03 
1.494002e+00 	 3.814660e+03 
1.495747e+00 	 3.941630e+03 
1.497492e+00 	 4.040041e+03 
1.499238e+00 	 4.104018e+03 
1.500983e+00 	 4.129397e+03 
1.502728e+00 	 4.114021e+03 
1.504474e+00 	 4.057853e+03 
1.506219e+00 	 3.962915e+03 
1.507964e+00 	 3.833059e+03 
1.509710e+00 	 3.673604e+03 
1.511455e+00 	 3.490902e+03 
1.513200e+00 	 3.291876e+03 
1.514946e+00 	 3.083588e+03 
1.516691e+00 	 2.872870e+03 
1.518436e+00 	 2.666050e+03 
1.520182e+00 	 2.468770e+03 
1.521927e+00 	 2.285887e+03 
1.523672e+00 	 2.121432e+03 
1.525418e+00 	 1.978604e+03 
1.527163e+00 	 1.859776e+03 
1.528908e+00 	 1.766491e+03 
1.530654e+00 	 1.699454e+03 
1.532399e+00 	 1.658523e+03 
1.534144e+00 	 1.642717e+03 
1.535890e+00 	 1.650262e+03 
1.537635e+00 	 1.678693e+03 
1.539380e+00 	 1.725010e+03 
1.541126e+00 	 1.785891e+03 
1.542871e+00 	 1.857938e+03 
1.544616e+00 	 1.937922e+03 
1.546362e+00 	 2.022996e+03 
1.548107e+00 	 2.110836e+03 
1.549852e+00 	 2.199696e+03 
1.551598e+00 	 2.288352e+03 
1.553343e+00 	 2.375967e+03 
1.555088e+00 	 2.461884e+03 
1.556834e+00 	 2.545408e+03 
1.558579e+00 	 2.625606e+03 
1.560324e+00 	 2.701178e+03 
1.562070e+00 	 2.770424e+03 
1.563815e+00 	 2.831322e+03 
1.565560e+00 	 2.881699e+03 
1.567306e+00 	 2.919469e+03 
1.569051e+00 	 2.942901e+03 
1.570796e+00 	 2.942901e+03 
1.572542e+00 	 2.919469e+03 
1.574287e+00 	 2.881699e+03 
1.576032e+00 	 2.831322e+03 
1.577778e+00 	 2.770424e+03 
1.579523e+00 	 2.701178e+03 
1.581268e+00 	 2.625606e+03 
1.583014e+00 	 2.545408e+03 
1.584759e+00 	 2.461884e+03 
1.586504e+00 	 2.375967e+03 
1.588250e+00 	 2.288352e+03 
1.589995e+00 	 2.199696e+03 
1.591740e+00 	 2.110836e+03 
1.593486e+00 	 2.022996e+03 
1.595231e+00 	 1.937922e+03 
1.596976e+00 	 1.857938e+03 
1.598722e+00 	 1.785891e+03 
1.600467e+00 	 1.725010e+03 
1.602212e+00 	 1.678693e+03 
1.603958e+00 	 1.650262e+03 
1.605703e+00 	 1.642717e+03 
1.607448e+00 	 1.658523e+03 
1.609194e+00 	 1.699454e+03 
1.610939e+00 	 1.766491e+03 
1.612684e+00 	 1.859776e+03 
1.614430e+00 	 1.978604e+03 
1.616175e+00 	 2.121432e+03 
1.617920e+00 	 2.285887e+03 
1.619666e+00 	 2.468770e+03 
1.621411e+00 	 2.666050e+03 
1.623156e+00 	 2.872870e+03 
1.624902e+00 	 3.083588e+03 
1.626647e+00 	 3.291876e+03 
1.628392e+00 	 3.490902e+03 
1.630138e+00 	 3.673604e+03 
1.631883e+00 	 3.833059e+03 
1.633628e+00 	 3.962915e+03 
1.635374e+00 	 4.057853e+03 
1.637119e+00 	 4.114021e+03 
1.638864e+00 	 4.129397e+03 
1.640609e+00 	 4.104018e+03 
1.642355e+00 	 4.040041e+03 
1.644100e+00 	 3.941630e+03 
1.645845e+00 	 3.814660e+03 
1.647591e+00 	 3.666277e+03 
1.649336e+00 	 3.504369e+03 
1.651081e+00 	 3.336992e+03 
1.652827e+00 	 3.171826e+03 
1.654572e+00 	 3.015716e+03 
1.656317e+00 	 2.874331e+03 
1.658063e+00 	 2.751966e+03 
1.659808e+00 	 2.651491e+03 
1.661553e+00 	 2.574414e+03 
1.663299e+00 	 2.521041e+03 
1.665044e+00 	 2.490674e+03 
1.666789e+00 	 2.481819e+03 
1.668535e+00 	 2.492361e+03 
1.670280e+00 	 2.519697e+03 
1.672025e+00 	 2.560813e+03 
1.673771e+00 	 2.612318e+03 
1.675516e+00 	 2.670458e+03 
1.677261e+00 	 2.731142e+03 
1.679007e+00 	 2.789997e+03 
1.680752e+00 	 2.842490e+03 
1.682497e+00 	 2.884113e+03 
1.684243e+00 	 2.910633e+03 
1.685988e+00 	 2.918395e+03 
1.687733e+00 	 2.904632e+03 
1.689479e+00 	 2.867755e+03 
1.691224e+00 	 2.807583e+03 
1.692969e+00 	 2.725459e+03 
1.694715e+00 	 2.624246e+03 
1.696460e+00 	 2.508183e+03 
1.698205e+00 	 2.382604e+03 
1.699951e+00 	 2.253549e+03 
1.701696e+00 	 2.127313e+03 
1.703441e+00 	 2.009978e+03 
1.705187e+00 	 1.906970e+03 
1.706932e+00 	 1.822721e+03 
1.708677e+00 	 1.760443e+03 
1.710423e+00 	 1.722050e+03 
1.712168e+00 	 1.708231e+03 
1.713913e+00 	 1.718643e+03 
1.715659e+00 	 1.752189e+03 
1.717404e+00 	 1.807326e+03 
1.719149e+00 	 1.882355e+03 
1.720895e+00 	 1.975621e+03 
1.722640e+00 	 2.085601e+03 
1.724385e+00 	 2.210858e+03 
1.726131e+00 	 2.349856e+03 
1.727876e+00 	 2.500688e+03 
1.729621e+00 	 2.660752e+03 
1.731367e+00 	 2.826461e+03 
1.733112e+00 	 2.993046e+03 
1.734857e+00 	 3.154522e+03 
1.736603e+00 	 3.303855e+03 
1.738348e+00 	 3.433348e+03 
1.740093e+00 	 3.535210e+03 
1.741839e+00 	 3.602264e+03 
1.743584e+00 	 3.628698e+03 
1.745329e+00 	 3.610764e+03 
1.747075e+00 	 3.547312e+03 
1.748820e+00 	 3.440083e+03 
1.750565e+00 	 3.293695e+03 
1.752311e+00 	 3.115309e+03 
1.754056e+00 	 2.914020e+03 
1.755801e+00 	 2.700021e+03 
1.757547e+00 	 2.483685e+03 
1.759292e+00 	 2.274662e+03 
1.761037e+00 	 2.081132e+03 
1.762783e+00 	 1.909308e+03 
1.764528e+00 	 1.763251e+03 
1.766273e+00 	 1.645002e+03 
1.768019e+00 	 1.554995e+03 
1.769764e+00 	 1.492652e+03 
1.771509e+00 	 1.457034e+03 
1.773255e+00 	 1.447437e+03 
1.775000e+00 	 1.463786e+03 
1.776745e+00 	 1.506771e+03 
1.778491e+00 	 1.577675e+03 
1.780236e+00 	 1.677928e+03 
1.781981e+00 	 1.808471e+03 
1.783726e+00 	 1.969041e+03 
1.785472e+00 	 2.157522e+03 
1.787217e+00 	 2.369501e+03 
1.788962e+00 	 2.598124e+03 
1.790708e+00 	 2.834322e+03 
1.792453e+00 	 3.067385e+03 
1.794198e+00 	 3.285829e+03 
1.795944e+00 	 3.478443e+03 
1.797689e+00 	 3.635359e+03 
1.799434e+00 	 3.749004e+03 
1.801180e+00 	 3.814795e+03 
1.802925e+00 	 3.831492e+03 
1.804670e+00 	 3.801161e+03 
1.806416e+00 	 3.728786e+03 
1.808161e+00 	 3.621593e+03 
1.809906e+00 	 3.488203e+03 
1.811652e+00 	 3.337745e+03 
1.813397e+00 	 3.179048e+03 
1.815142e+00 	 3.020012e+03 
1.816888e+00 	 2.867202e+03 
1.818633e+00 	 2.725694e+03 
1.820378e+00 	 2.599118e+03 
1.822124e+00 	 2.489850e+03 
1.823869e+00 	 2.399267e+03 
1.825614e+00 	 2.327990e+03 
1.827360e+00 	 2.276059e+03 
1.829105e+00 	 2.243013e+03 
1.830850e+00 	 2.227874e+03 
1.832596e+00 	 2.229066e+03 
1.834341e+00 	 2.244325e+03 
1.836086e+00 	 2.270644e+03 
1.837832e+00 	 2.304303e+03 
1.839577e+00 	 2.341015e+03 
1.841322e+00 	 2.376176e+03 
1.843068e+00 	 2.405210e+03 
1.844813e+00 	 2.423942e+03 
1.846558e+00 	 2.428974e+03 
1.848304e+00 	 2.417975e+03 
1.850049e+00 	 2.389871e+03 
1.851794e+00 	 2.344897e+03 
1.853540e+00 	 2.284512e+03 
1.855285e+00 	 2.211209e+03 
1.857030e+00 	 2.128243e+03 
1.858776e+00 	 2.039335e+03 
1.860521e+00 	 1.948383e+03 
1.862266e+00 	 1.859227e+03 
1.864012e+00 	 1.775460e+03 
1.865757e+00 	 1.700322e+03 
1.867502e+00 	 1.636622e+03 
1.869248e+00 	 1.586706e+03 
1.870993e+00 	 1.552422e+03 
1.872738e+00 	 1.535081e+03 
1.874484e+00 	 1.535401e+03 
1.876229e+00 	 1.553442e+03 
1.877974e+00 	 1.588545e+03 
1.879720e+00 	 1.639299e+03 
1.881465e+00 	 1.703550e+03 
1.883210e+00 	 1.778474e+03 
1.884956e+00 	 1.860712e+03 
1.886701e+00 	 1.946556e+03 
1.888446e+00 	 2.032173e+03 
1.890192e+00 	 2.113835e+03 
1.891937e+00 	 2.188127e+03 
1.893682e+00 	 2.252104e+03 
1.895428e+00 	 2.303387e+03 
1.897173e+00 	 2.340199e+03 
1.898918e+00 	 2.361334e+03 
1.900664e+00 	 2.366099e+03 
1.902409e+00 	 2.354241e+03 
1.904154e+00 	 2.325889e+03 
1.905900e+00 	 2.281527e+03 
1.907645e+00 	 2.222007e+03 
1.909390e+00 	 2.148598e+03 
1.911136e+00 	 2.063053e+03 
1.912881e+00 	 1.967669e+03 
1.914626e+00 	 1.865317e+03 
1.916372e+00 	 1.759416e+03 
1.918117e+00 	 1.653831e+03 
1.919862e+00 	 1.552706e+03 
1.921608e+00 	 1.460227e+03 
1.923353e+00 	 1.380347e+03 
1.925098e+00 	 1.316505e+03 
1.926843e+00 	 1.271369e+03 
1.928589e+00 	 1.246631e+03 
1.930334e+00 	 1.242890e+03 
1.932079e+00 	 1.259628e+03 
1.933825e+00 	 1.295276e+03 
1.935570e+00 	 1.347366e+03 
1.937315e+00 	 1.412745e+03 
1.939061e+00 	 1.487823e+03 
1.940806e+00 	 1.568832e+03 
1.942551e+00 	 1.652068e+03 
1.944297e+00 	 1.734100e+03 
1.946042e+00 	 1.811931e+03 
1.947787e+00 	 1.883112e+03 
1.949533e+00 	 1.945802e+03 
1.951278e+00 	 1.998797e+03 
1.953023e+00 	 2.041512e+03 
1.954769e+00 	 2.073945e+03 
1.956514e+00 	 2.096620e+03 
1.958259e+00 	 2.110515e+03 
1.960005e+00 	 2.116982e+03 
1.961750e+00 	 2.117657e+03 
1.963495e+00 	 2.114369e+03 
1.965241e+00 	 2.109039e+03 
1.966986e+00 	 2.103586e+03 
1.968731e+00 	 2.099829e+03 
1.970477e+00 	 2.099401e+03 
1.972222e+00 	 2.103674e+03 
1.973967e+00 	 2.113694e+03 
1.975713e+00 	 2.130132e+03 
1.977458e+00 	 2.153260e+03 
1.979203e+00 	 2.182929e+03 
1.980949e+00 	 2.218578e+03 
1.982694e+00 	 2.259247e+03 
1.984439e+00 	 2.303615e+03 
1.986185e+00 	 2.350041e+03 
1.987930e+00 	 2.396633e+03 
1.989675e+00 	 2.441323e+03 
1.991421e+00 	 2.481957e+03 
1.993166e+00 	 2.516404e+03 
1.994911e+00 	 2.542661e+03 
1.996657e+00 	 2.558970e+03 
1.998402e+00 	 2.563922e+03 
2.000147e+00 	 2.556548e+03 
2.001893e+00 	 2.536391e+03 
2.003638e+00 	 2.503545e+03 
2.005383e+00 	 2.458659e+03 
2.007129e+00 	 2.402916e+03 
2.008874e+00 	 2.337967e+03 
2.010619e+00 	 2.265847e+03 
2.012365e+00 	 2.188868e+03 
2.014110e+00 	 2.109500e+03 
2.015855e+00 	 2.030254e+03 
2.017601e+00 	 1.953567e+03 
2.019346e+00 	 1.881696e+03 
2.021091e+00 	 1.816638e+03 
2.022837e+00 	 1.760057e+03 
2.024582e+00 	 1.713241e+03 
2.026327e+00 	 1.677069e+03 
2.028073e+00 	 1.652000e+03 
2.029818e+00 	 1.638083e+03 
2.031563e+00 	 1.634975e+03 
2.033309e+00 	 1.641983e+03 
2.035054e+00 	 1.658105e+03 
2.036799e+00 	 1.682097e+03 
2.038545e+00 	 1.712534e+03 
2.040290e+00 	 1.747879e+03 
2.042035e+00 	 1.786546e+03 
2.043781e+00 	 1.826959e+03 
2.045526e+00 	 1.867596e+03 
2.047271e+00 	 1.907015e+03 
2.049017e+00 	 1.943877e+03 
2.050762e+00 	 1.976948e+03 
2.052507e+00 	 2.005093e+03 
2.054253e+00 	 2.027278e+03 
2.055998e+00 	 2.042573e+03 
2.057743e+00 	 2.050164e+03 
2.059489e+00 	 2.049384e+03 
2.061234e+00 	 2.039759e+03 
2.062979e+00 	 2.021064e+03 
2.064725e+00 	 1.993379e+03 
2.066470e+00 	 1.957144e+03 
2.068215e+00 	 1.913189e+03 
2.069960e+00 	 1.862748e+03 
2.071706e+00 	 1.807426e+03 
2.073451e+00 	 1.749138e+03 
2.075196e+00 	 1.690009e+03 
2.076942e+00 	 1.632255e+03 
2.078687e+00 	 1.578047e+03 
2.080432e+00 	 1.529375e+03 
2.082178e+00 	 1.487937e+03 
2.083923e+00 	 1.455051e+03 
2.085668e+00 	 1.431617e+03 
2.087414e+00 	 1.418110e+03 
2.089159e+00 	 1.414619e+03 
2.090904e+00 	 1.420918e+03 
2.092650e+00 	 1.436547e+03 
2.094395e+00 	 1.460900e+03 
2.096140e+00 	 1.493290e+03 
2.097886e+00 	 1.532996e+03 
2.099631e+00 	 1.579270e+03 
2.101376e+00 	 1.631311e+03 
2.103122e+00 	 1.688212e+03 
2.104867e+00 	 1.748891e+03 
2.106612e+00 	 1.812019e+03 
2.108358e+00 	 1.875969e+03 
2.110103e+00 	 1.938789e+03 
2.111848e+00 	 1.998231e+03 
2.113594e+00 	 2.051814e+03 
2.115339e+00 	 2.096950e+03 
2.117084e+00 	 2.131092e+03 
2.118830e+00 	 2.151917e+03 
2.120575e+00 	 2.157508e+03 
2.122320e+00 	 2.146523e+03 
2.124066e+00 	 2.118320e+03 
2.125811e+00 	 2.073044e+03 
2.127556e+00 	 2.011640e+03 
2.129302e+00 	 1.935809e+03 
2.131047e+00 	 1.847908e+03 
2.132792e+00 	 1.750794e+03 
2.134538e+00 	 1.647646e+03 
2.136283e+00 	 1.541765e+03 
2.138028e+00 	 1.436391e+03 
2.139774e+00 	 1.334534e+03 
2.141519e+00 	 1.238852e+03 
2.143264e+00 	 1.151570e+03 
2.145010e+00 	 1.074449e+03 
2.146755e+00 	 1.008797e+03 
2.148500e+00 	 9.555176e+02 
2.150246e+00 	 9.151837e+02 
2.151991e+00 	 8.881154e+02 
2.153736e+00 	 8.744554e+02 
2.155482e+00 	 8.742253e+02 
2.157227e+00 	 8.873558e+02 
2.158972e+00 	 9.136851e+02 
2.160718e+00 	 9.529264e+02 
2.162463e+00 	 1.004610e+03 
2.164208e+00 	 1.068011e+03 
2.165954e+00 	 1.142068e+03 
2.167699e+00 	 1.225320e+03 
2.169444e+00 	 1.315860e+03 
2.171190e+00 	 1.411323e+03 
2.172935e+00 	 1.508921e+03 
2.174680e+00 	 1.605524e+03 
2.176426e+00 	 1.697776e+03 
2.178171e+00 	 1.782260e+03 
2.179916e+00 	 1.855681e+03 
2.181662e+00 	 1.915063e+03 
2.183407e+00 	 1.957935e+03 
2.185152e+00 	 1.982504e+03 
2.186898e+00 	 1.987778e+03 
2.188643e+00 	 1.973642e+03 
2.190388e+00 	 1.940881e+03 
2.192134e+00 	 1.891133e+03 
2.193879e+00 	 1.826797e+03 
2.195624e+00 	 1.750881e+03 
2.197370e+00 	 1.666823e+03 
2.199115e+00 	 1.578296e+03 
2.200860e+00 	 1.489005e+03 
2.202606e+00 	 1.402501e+03 
2.204351e+00 	 1.322029e+03 
2.206096e+00 	 1.250405e+03 
2.207842e+00 	 1.189943e+03 
2.209587e+00 	 1.142425e+03 
2.211332e+00 	 1.109103e+03 
2.213077e+00 	 1.090739e+03 
2.214823e+00 	 1.087658e+03 
2.216568e+00 	 1.099810e+03 
2.218313e+00 	 1.126832e+03 
2.220059e+00 	 1.168090e+03 
2.221804e+00 	 1.222717e+03 
2.223549e+00 	 1.289621e+03 
2.225295e+00 	 1.367482e+03 
2.227040e+00 	 1.454744e+03 
2.228785e+00 	 1.549602e+03 
2.230531e+00 	 1.649987e+03 
2.232276e+00 	 1.753588e+03 
2.234021e+00 	 1.857869e+03 
2.235767e+00 	 1.960136e+03 
2.237512e+00 	 2.057609e+03 
2.239257e+00 	 2.147529e+03 
2.241003e+00 	 2.227271e+03 
2.242748e+00 	 2.294468e+03 
2.244493e+00 	 2.347128e+03 
2.246239e+00 	 2.383731e+03 
2.247984e+00 	 2.403311e+03 
2.249729e+00 	 2.405496e+03 
2.251475e+00 	 2.390518e+03 
2.253220e+00 	 2.359189e+03 
2.254965e+00 	 2.312839e+03 
2.256711e+00 	 2.253227e+03 
2.258456e+00 	 2.182442e+03 
2.260201e+00 	 2.102779e+03 
2.261947e+00 	 2.016630e+03 
2.263692e+00 	 1.926367e+03 
2.265437e+00 	 1.834252e+03 
2.267183e+00 	 1.742360e+03 
2.268928e+00 	 1.652520e+03 
2.270673e+00 	 1.566284e+03 
2.272419e+00 	 1.484906e+03 
2.274164e+00 	 1.409348e+03 
2.275909e+00 	 1.340288e+03 
2.277655e+00 	 1.278142e+03 
2.279400e+00 	 1.223086e+03 
2.281145e+00 	 1.175089e+03 
2.282891e+00 	 1.133932e+03 
2.284636e+00 	 1.099238e+03 
2.286381e+00 	 1.070500e+03 
2.288127e+00 	 1.047104e+03 
2.289872e+00 	 1.028353e+03 
2.291617e+00 	 1.013502e+03 
2.293363e+00 	 1.001783e+03 
2.295108e+00 	 9.924375e+02 
2.296853e+00 	 9.847491e+02 
2.298599e+00 	 9.780737e+02 
2.300344e+00 	 9.718691e+02 
2.302089e+00 	 9.657180e+02 
2.303835e+00 	 9.593471e+02 
2.305580e+00 	 9.526370e+02 
2.307325e+00 	 9.456256e+02 
2.309071e+00 	 9.385028e+02 
2.310816e+00 	 9.315980e+02 
2.312561e+00 	 9.253612e+02 
2.314307e+00 	 9.203397e+02 
2.316052e+00 	 9.171513e+02 
2.317797e+00 	 9.164564e+02 
2.319543e+00 	 9.189294e+02 
2.321288e+00 	 9.252308e+02 
2.323033e+00 	 9.359807e+02 
2.324779e+00 	 9.517337e+02 
2.326524e+00 	 9.729546e+02 
2.328269e+00 	 9.999960e+02 
2.330015e+00 	 1.033076e+03 
2.331760e+00 	 1.072260e+03 
2.333505e+00 	 1.117438e+03 
2.335251e+00 	 1.168314e+03 
2.336996e+00 	 1.224395e+03 
2.338741e+00 	 1.284981e+03 
2.340487e+00 	 1.349176e+03 
2.342232e+00 	 1.415897e+03 
2.343977e+00 	 1.483896e+03 
2.345723e+00 	 1.551799e+03 
2.347468e+00 	 1.618148e+03 
2.349213e+00 	 1.681454e+03 
2.350959e+00 	 1.740262e+03 
2.352704e+00 	 1.793211e+03 
2.354449e+00 	 1.839100e+03 
2.356194e+00 	 1.876944e+03 
2.357940e+00 	 1.906027e+03 
2.359685e+00 	 1.925935e+03 
2.361430e+00 	 1.936580e+03 
2.363176e+00 	 1.938204e+03 
2.364921e+00 	 1.931363e+03 
2.366666e+00 	 1.916895e+03 
2.368412e+00 	 1.895876e+03 
2.370157e+00 	 1.869560e+03 
2.371902e+00 	 1.839309e+03 
2.373648e+00 	 1.806527e+03 
2.375393e+00 	 1.772591e+03 
2.377138e+00 	 1.738782e+03 
2.378884e+00 	 1.706241e+03 
2.380629e+00 	 1.675918e+03 
2.382374e+00 	 1.648552e+03 
2.384120e+00 	 1.624656e+03 
2.385865e+00 	 1.604520e+03 
2.387610e+00 	 1.588226e+03 
2.389356e+00 	 1.575676e+03 
2.391101e+00 	 1.566619e+03 
2.392846e+00 	 1.560695e+03 
2.394592e+00 	 1.557470e+03 
2.396337e+00 	 1.556470e+03 
2.398082e+00 	 1.557217e+03 
2.399828e+00 	 1.559250e+03 
2.401573e+00 	 1.562146e+03 
2.403318e+00 	 1.565530e+03 
2.405064e+00 	 1.569079e+03 
2.406809e+00 	 1.572518e+03 
2.408554e+00 	 1.575617e+03 
2.410300e+00 	 1.578179e+03 
2.412045e+00 	 1.580032e+03 
2.413790e+00 	 1.581017e+03 
2.415536e+00 	 1.580981e+03 
2.417281e+00 	 1.579771e+03 
2.419026e+00 	 1.577234e+03 
2.420772e+00 	 1.573214e+03 
2.422517e+00 	 1.567560e+03 
2.424262e+00 	 1.560132e+03 
2.426008e+00 	 1.550808e+03 
2.427753e+00 	 1.539491e+03 
2.429498e+00 	 1.526123e+03 
2.431244e+00 	 1.510686e+03 
2.432989e+00 	 1.493212e+03 
2.434734e+00 	 1.473783e+03 
2.436480e+00 	 1.452532e+03 
2.438225e+00 	 1.429643e+03 
2.439970e+00 	 1.405343e+03 
2.441716e+00 	 1.379896e+03 
2.443461e+00 	 1.353595e+03 
2.445206e+00 	 1.326753e+03 
2.446952e+00 	 1.299689e+03 
2.448697e+00 	 1.272723e+03 
2.450442e+00 	 1.246164e+03 
2.452188e+00 	 1.220300e+03 
2.453933e+00 	 1.195392e+03 
2.455678e+00 	 1.171669e+03 
2.457424e+00 	 1.149323e+03 
2.459169e+00 	 1.128503e+03 
2.460914e+00 	 1.109316e+03 
2.462660e+00 	 1.091827e+03 
2.464405e+00 	 1.076060e+03 
2.466150e+00 	 1.061994e+03 
2.467896e+00 	 1.049574e+03 
2.469641e+00 	 1.038709e+03 
2.471386e+00 	 1.029276e+03 
2.473132e+00 	 1.021125e+03 
2.474877e+00 	 1.014087e+03 
2.476622e+00 	 1.007973e+03 
2.478368e+00 	 1.002586e+03 
2.480113e+00 	 9.977230e+02 
2.481858e+00 	 9.931809e+02 
2.483604e+00 	 9.887641e+02 
2.485349e+00 	 9.842889e+02 
2.487094e+00 	 9.795886e+02 
2.488840e+00 	 9.745190e+02 
2.490585e+00 	 9.689614e+02 
2.492330e+00 	 9.628263e+02 
2.494076e+00 	 9.560553e+02 
2.495821e+00 	 9.486226e+02 
2.497566e+00 	 9.405347e+02 
2.499311e+00 	 9.318298e+02 
2.501057e+00 	 9.225758e+02 
2.502802e+00 	 9.128678e+02 
2.504547e+00 	 9.028245e+02 
2.506293e+00 	 8.925844e+02 
2.508038e+00 	 8.823015e+02 
2.509783e+00 	 8.721406e+02 
2.511529e+00 	 8.622731e+02 
2.513274e+00 	 8.528726e+02 
2.515019e+00 	 8.441107e+02 
2.516765e+00 	 8.361535e+02 
2.518510e+00 	 8.291581e+02 
2.520255e+00 	 8.232703e+02 
2.522001e+00 	 8.186216e+02 
2.523746e+00 	 8.153281e+02 
2.525491e+00 	 8.134884e+02 
2.527237e+00 	 8.131831e+02 
2.528982e+00 	 8.144733e+02 
2.530727e+00 	 8.174005e+02 
2.532473e+00 	 8.219858e+02 
2.534218e+00 	 8.282297e+02 
2.535963e+00 	 8.361116e+02 
2.537709e+00 	 8.455896e+02 
2.539454e+00 	 8.566005e+02 
2.541199e+00 	 8.690594e+02 
2.542945e+00 	 8.828599e+02 
2.544690e+00 	 8.978742e+02 
2.546435e+00 	 9.139538e+02 
2.548181e+00 	 9.309300e+02 
2.549926e+00 	 9.486152e+02 
2.551671e+00 	 9.668040e+02 
2.553417e+00 	 9.852757e+02 
2.555162e+00 	 1.003796e+03 
2.556907e+00 	 1.022120e+03 
2.558653e+00 	 1.039995e+03 
2.560398e+00 	 1.057164e+03 
2.562143e+00 	 1.073372e+03 
2.563889e+00 	 1.088366e+03 
2.565634e+00 	 1.101900e+03 
2.567379e+00 	 1.113743e+03 
2.569125e+00 	 1.123677e+03 
2.570870e+00 	 1.131506e+03 
2.572615e+00 	 1.137059e+03 
2.574361e+00 	 1.140190e+03 
2.576106e+00 	 1.140785e+03 
2.577851e+00 	 1.138760e+03 
2.579597e+00 	 1.134068e+03 
2.581342e+00 	 1.126695e+03 
2.583087e+00 	 1.116663e+03 
2.584833e+00 	 1.104028e+03 
2.586578e+00 	 1.088882e+03 
2.588323e+00 	 1.071346e+03 
2.590069e+00 	 1.051572e+03 
2.591814e+00 	 1.029741e+03 
2.593559e+00 	 1.006052e+03 
2.595305e+00 	 9.807277e+02 
2.597050e+00 	 9.540030e+02 
2.598795e+00 	 9.261241e+02 
2.600541e+00 	 8.973428e+02 
2.602286e+00 	 8.679123e+02 
2.604031e+00 	 8.380827e+02 
2.605777e+00 	 8.080965e+02 
2.607522e+00 	 7.781855e+02 
2.609267e+00 	 7.485668e+02 
2.611013e+00 	 7.194399e+02 
2.612758e+00 	 6.909847e+02 
2.614503e+00 	 6.633598e+02 
2.616249e+00 	 6.367007e+02 
2.617994e+00 	 6.111202e+02 
2.619739e+00 	 5.867079e+02 
2.621485e+00 	 5.635311e+02 
2.623230e+00 	 5.416361e+02 
2.624975e+00 	 5.210497e+02 
2.626721e+00 	 5.017815e+02 
2.628466e+00 	 4.838262e+02 
2.630211e+00 	 4.671663e+02 
2.631957e+00 	 4.517745e+02 
2.633702e+00 	 4.376170e+02 
2.635447e+00 	 4.246558e+02 
2.637192e+00 	 4.128514e+02 
2.638938e+00 	 4.021652e+02 
2.640683e+00 	 3.925617e+02 
2.642428e+00 	 3.840098e+02 
2.644174e+00 	 3.764846e+02 
2.645919e+00 	 3.699685e+02 
2.647664e+00 	 3.644512e+02 
2.649410e+00 	 3.599306e+02 
2.651155e+00 	 3.564119e+02 
2.652900e+00 	 3.539076e+02 
2.654646e+00 	 3.524367e+02 
2.656391e+00 	 3.520229e+02 
2.658136e+00 	 3.526941e+02 
2.659882e+00 	 3.544801e+02 
2.661627e+00 	 3.574116e+02 
2.663372e+00 	 3.615183e+02 
2.665118e+00 	 3.668270e+02 
2.666863e+00 	 3.733606e+02 
2.668608e+00 	 3.811357e+02 
2.670354e+00 	 3.901621e+02 
2.672099e+00 	 4.004409e+02 
2.673844e+00 	 4.119639e+02 
2.675590e+00 	 4.247127e+02 
2.677335e+00 	 4.386579e+02 
2.679080e+00 	 4.537590e+02 
2.680826e+00 	 4.699642e+02 
2.682571e+00 	 4.872104e+02 
2.684316e+00 	 5.054236e+02 
2.686062e+00 	 5.245191e+02 
2.687807e+00 	 5.444025e+02 
2.689552e+00 	 5.649705e+02 
2.691298e+00 	 5.861114e+02 
2.693043e+00 	 6.077065e+02 
2.694788e+00 	 6.296313e+02 
2.696534e+00 	 6.517563e+02 
2.698279e+00 	 6.739483e+02 
2.700024e+00 	 6.960722e+02 
2.701770e+00 	 7.179915e+02 
2.703515e+00 	 7.395699e+02 
2.705260e+00 	 7.606726e+02 
2.707006e+00 	 7.811674e+02 
2.708751e+00 	 8.009258e+02 
2.710496e+00 	 8.198241e+02 
2.712242e+00 	 8.377446e+02 
2.713987e+00 	 8.545764e+02 
2.715732e+00 	 8.702162e+02 
2.717478e+00 	 8.845695e+02 
2.719223e+00 	 8.975507e+02 
2.720968e+00 	 9.090845e+02 
2.722714e+00 	 9.191057e+02 
2.724459e+00 	 9.275599e+02 
2.726204e+00 	 9.344040e+02 
2.727950e+00 	 9.396063e+02 
2.729695e+00 	 9.431462e+02 
2.731440e+00 	 9.450149e+02 
2.733186e+00 	 9.452149e+02 
2.734931e+00 	 9.437596e+02 
2.736676e+00 	 9.406732e+02 
2.738422e+00 	 9.359905e+02 
2.740167e+00 	 9.297557e+02 
2.741912e+00 	 9.220225e+02 
2.743658e+00 	 9.128530e+02 
2.745403e+00 	 9.023169e+02 
2.747148e+00 	 8.904910e+02 
2.748894e+00 	 8.774580e+02 
2.750639e+00 	 8.633055e+02 
2.752384e+00 	 8.481256e+02 
2.754130e+00 	 8.320134e+02 
2.755875e+00 	 8.150662e+02 
2.757620e+00 	 7.973826e+02 
2.759366e+00 	 7.790617e+02 
2.761111e+00 	 7.602020e+02 
2.762856e+00 	 7.409006e+02 
2.764602e+00 	 7.212527e+02 
2.766347e+00 	 7.013503e+02 
2.768092e+00 	 6.812824e+02 
2.769838e+00 	 6.611336e+02 
2.771583e+00 	 6.409840e+02 
2.773328e+00 	 6.209090e+02 
2.775074e+00 	 6.009786e+02 
2.776819e+00 	 5.812573e+02 
2.778564e+00 	 5.618040e+02 
2.780309e+00 	 5.426718e+02 
2.782055e+00 	 5.239084e+02 
2.783800e+00 	 5.055553e+02 
2.785545e+00 	 4.876489e+02 
2.787291e+00 	 4.702201e+02 
2.789036e+00 	 4.532944e+02 
2.790781e+00 	 4.368929e+02 
2.792527e+00 	 4.210317e+02 
2.794272e+00 	 4.057227e+02 
2.796017e+00 	 3.909741e+02 
2.797763e+00 	 3.767902e+02 
2.799508e+00 	 3.631722e+02 
2.801253e+00 	 3.501185e+02 
2.802999e+00 	 3.376248e+02 
2.804744e+00 	 3.256847e+02 
2.806489e+00 	 3.142898e+02 
2.808235e+00 	 3.034302e+02 
2.809980e+00 	 2.930945e+02 
2.811725e+00 	 2.832706e+02 
2.813471e+00 	 2.739451e+02 
2.815216e+00 	 2.651043e+02 
2.816961e+00 	 2.567339e+02 
2.818707e+00 	 2.488194e+02 
2.820452e+00 	 2.413459e+02 
2.822197e+00 	 2.342989e+02 
2.823943e+00 	 2.276634e+02 
2.825688e+00 	 2.214249e+02 
2.827433e+00 	 2.155689e+02 
2.829179e+00 	 2.100811e+02 
2.830924e+00 	 2.049476e+02 
2.832669e+00 	 2.001545e+02 
2.834415e+00 	 1.956884e+02 
2.836160e+00 	 1.915359e+02 
2.837905e+00 	 1.876841e+02 
2.839651e+00 	 1.841201e+02 
2.841396e+00 	 1.808316e+02 
2.843141e+00 	 1.778060e+02 
2.844887e+00 	 1.750313e+02 
2.846632e+00 	 1.724956e+02 
2.848377e+00 	 1.701871e+02 
2.850123e+00 	 1.680942e+02 
2.851868e+00 	 1.662054e+02 
2.853613e+00 	 1.645094e+02 
2.855359e+00 	 1.629951e+02 
2.857104e+00 	 1.616515e+02 
2.858849e+00 	 1.604676e+02 
2.860595e+00 	 1.594327e+02 
2.862340e+00 	 1.585363e+02 
2.864085e+00 	 1.577679e+02 
2.865831e+00 	 1.571172e+02 
2.867576e+00 	 1.565741e+02 
2.869321e+00 	 1.561287e+02 
2.871067e+00 	 1.557712e+02 
2.872812e+00 	 1.554920e+02 
2.874557e+00 	 1.552818e+02 
2.876303e+00 	 1.551315e+02 
2.878048e+00 	 1.550323e+02 
2.879793e+00 	 1.549753e+02 
2.881539e+00 	 1.549523e+02 
2.883284e+00 	 1.549551e+02 
2.885029e+00 	 1.549758e+02 
2.886775e+00 	 1.550068e+02 
2.888520e+00 	 1.550408e+02 
2.890265e+00 	 1.550708e+02 
2.892011e+00 	 1.550900e+02 
2.893756e+00 	 1.550919e+02 
2.895501e+00 	 1.550706e+02 
2.897247e+00 	 1.550201e+02 
2.898992e+00 	 1.549350e+02 
2.900737e+00 	 1.548101e+02 
2.902483e+00 	 1.546405e+02 
2.904228e+00 	 1.544216e+02 
2.905973e+00 	 1.541493e+02 
2.907719e+00 	 1.538197e+02 
2.909464e+00 	 1.534291e+02 
2.911209e+00 	 1.529745e+02 
2.912955e+00 	 1.524527e+02 
2.914700e+00 	 1.518613e+02 
2.916445e+00 	 1.511980e+02 
2.918191e+00 	 1.504608e+02 
2.919936e+00 	 1.496481e+02 
2.921681e+00 	 1.487587e+02 
2.923426e+00 	 1.477914e+02 
2.925172e+00 	 1.467458e+02 
2.926917e+00 	 1.456212e+02 
2.928662e+00 	 1.444178e+02 
2.930408e+00 	 1.431357e+02 
2.932153e+00 	 1.417755e+02 
2.933898e+00 	 1.403379e+02 
2.935644e+00 	 1.388239e+02 
2.937389e+00 	 1.372350e+02 
2.939134e+00 	 1.355727e+02 
2.940880e+00 	 1.338388e+02 
2.942625e+00 	 1.320354e+02 
2.944370e+00 	 1.301647e+02 
2.946116e+00 	 1.282293e+02 
2.947861e+00 	 1.262317e+02 
2.949606e+00 	 1.241750e+02 
2.951352e+00 	 1.220620e+02 
2.953097e+00 	 1.198960e+02 
2.954842e+00 	 1.176802e+02 
2.956588e+00 	 1.154181e+02 
2.958333e+00 	 1.131133e+02 
2.960078e+00 	 1.107694e+02 
2.961824e+00 	 1.083900e+02 
2.963569e+00 	 1.059789e+02 
2.965314e+00 	 1.035400e+02 
2.967060e+00 	 1.010771e+02 
2.968805e+00 	 9.859397e+01 
2.970550e+00 	 9.609455e+01 
2.972296e+00 	 9.358266e+01 
2.974041e+00 	 9.106210e+01 
2.975786e+00 	 8.853664e+01 
2.977532e+00 	 8.601000e+01 
2.979277e+00 	 8.348583e+01 
2.981022e+00 	 8.096771e+01 
2.982768e+00 	 7.845912e+01 
2.984513e+00 	 7.596346e+01 
2.986258e+00 	 7.348400e+01 
2.988004e+00 	 7.102393e+01 
2.989749e+00 	 6.858629e+01 
2.991494e+00 	 6.617400e+01 
2.993240e+00 	 6.378985e+01 
2.994985e+00 	 6.143649e+01 
2.996730e+00 	 5.911641e+01 
2.998476e+00 	 5.683198e+01 
3.000221e+00 	 5.458541e+01 
3.001966e+00 	 5.237875e+01 
3.003712e+00 	 5.021389e+01 
3.005457e+00 	 4.809260e+01 
3.007202e+00 	 4.601645e+01 
3.008948e+00 	 4.398690e+01 
3.010693e+00 	 4.200522e+01 
3.012438e+00 	 4.007257e+01 
3.014184e+00 	 3.818991e+01 
3.015929e+00 	 3.635811e+01 
3.017674e+00 	 3.457787e+01 
3.019420e+00 	 3.284973e+01 
3.021165e+00 	 3.117414e+01 
3.022910e+00 	 2.955140e+01 
3.024656e+00 	 2.798166e+01 
3.026401e+00 	 2.646499e+01 
3.028146e+00 	 2.500132e+01 
3.029892e+00 	 2.359048e+01 
3.031637e+00 	 2.223218e+01 
3.033382e+00 	 2.092603e+01 
3.035128e+00 	 1.967158e+01 
3.036873e+00 	 1.846824e+01 
3.038618e+00 	 1.731537e+01 
3.040364e+00 	 1.621224e+01 
3.042109e+00 	 1.515806e+01 
3.043854e+00 	 1.415196e+01 
3.045600e+00 	 1.319300e+01 
3.047345e+00 	 1.228021e+01 
3.049090e+00 	 1.141256e+01 
3.050836e+00 	 1.058895e+01 
3.052581e+00 	 9.808279e+00 
3.054326e+00 	 9.069380e+00 
3.056072e+00 	 8.371069e+00 
3.057817e+00 	 7.712130e+00 
3.059562e+00 	 7.091329e+00 
3.061308e+00 	 6.507411e+00 
3.063053e+00 	 5.959107e+00 
3.064798e+00 	 5.445141e+00 
3.066543e+00 	 4.964229e+00 
3.068289e+00 	 4.515082e+00 
3.070034e+00 	 4.096416e+00 
3.071779e+00 	 3.706948e+00 
3.073525e+00 	 3.345401e+00 
3.075270e+00 	 3.010510e+00 
3.077015e+00 	 2.701021e+00 
3.078761e+00 	 2.415693e+00 
3.080506e+00 	 2.153305e+00 
3.082251e+00 	 1.912653e+00 
3.083997e+00 	 1.692555e+00 
3.085742e+00 	 1.491850e+00 
3.087487e+00 	 1.309404e+00 
3.089233e+00 	 1.144107e+00 
3.090978e+00 	 9.948801e-01 
3.092723e+00 	 8.606691e-01 
3.094469e+00 	 7.404525e-01 
3.096214e+00 	 6.332391e-01 
3.097959e+00 	 5.380704e-01 
3.099705e+00 	 4.540205e-01 
3.101450e+00 	 3.801978e-01 
3.103195e+00 	 3.157450e-01 
3.104941e+00 	 2.598404e-01 
3.106686e+00 	 2.116976e-01 
3.108431e+00 	 1.705671e-01 
3.110177e+00 	 1.357357e-01 
3.111922e+00 	 1.065275e-01 
3.113667e+00 	 8.230404e-02 
3.115413e+00 	 6.246468e-02 
3.117158e+00 	 4.644667e-02 
3.118903e+00 	 3.372547e-02 
3.120649e+00 	 2.381493e-02 
3.122394e+00 	 1.626741e-02 
